1,97; 1,48 ;; ;;; 0.64
1,97; 1,60 ;; 0,10 ;;;
;;;;;;
1,40; 1,17; 1,45; 1,85; 1,45 ;; 017
1,85; 1,04; 1,43; 1,98; 1,83 ;; 0,84
1,40; 1,09; 1,53; 1,27; 1,35 ;;0,95
1,21; 1,43; 1,78; 1,00; 1,34 ;; 0,80
1,04; 1,94; 1,97; 1,20; 1,90 ;; 0,17
;;;;;;
1,05; 1,85; 1,85; 1,57; 1,22 ;; 0,22;
1,95; 1,65; 1,39; 1,65; 1,38 ;; 0,81;
1,80; 1,83; 1,61; 1,24; 1,84 ;; 0,98;
1,01; 1,57; 1,62; 1,47; 1,51 ;; 0.54;
1,37; 1,60; 1,26; 1,30; 1,25 ;; 0,47;
;;;;;;
1,98; 1,16; 1,35; 1,92 ;; 0,48;
1,34; 1,16; 1,19; 1,62 ;; 0,37;
1,11; 1,40; 1,26; 1,77 ;; 0,95;
1,72; 1,41; 1,25; 1,94 ;; 0,94;
;;;;;;
1,08; 1,21; 1,97 ;; 0,26;
1,64; 1,14; 1,78 ;; 0,89;
1,54; 1,63; 1,97 ;; 0,85;

